{
 "cells": [
  {
   "cell_type": "code",
   "execution_count": 1,
   "id": "00ecd3b8",
   "metadata": {},
   "outputs": [],
   "source": [
    "import numpy as np"
   ]
  },
  {
   "cell_type": "code",
   "execution_count": 2,
   "id": "753f968e",
   "metadata": {},
   "outputs": [
    {
     "data": {
      "text/plain": [
       "(2, 2, 1)"
      ]
     },
     "execution_count": 2,
     "metadata": {},
     "output_type": "execute_result"
    }
   ],
   "source": [
    "x=np.array([[[1],[2]],[[3],[4]]])\n",
    "x.shape"
   ]
  },
  {
   "cell_type": "code",
   "execution_count": 37,
   "id": "7b5e7c16",
   "metadata": {},
   "outputs": [
    {
     "data": {
      "text/plain": [
       "(2, 3)"
      ]
     },
     "execution_count": 37,
     "metadata": {},
     "output_type": "execute_result"
    }
   ],
   "source": [
    " a = np.random.randn(2, 3)\n",
    "\n",
    "b = np.random.randn(2, 1)\n",
    "\n",
    "c = a + b \n",
    "c.shape"
   ]
  },
  {
   "cell_type": "code",
   "execution_count": 12,
   "id": "99ee7d93",
   "metadata": {},
   "outputs": [
    {
     "data": {
      "text/plain": [
       "(3, 2)"
      ]
     },
     "execution_count": 12,
     "metadata": {},
     "output_type": "execute_result"
    }
   ],
   "source": [
    "a=np.random.randn(3,2) # a.shape = (4, 3)a.shape=(4,3)\n",
    "\n",
    "b = np.random.randn(2, 2)# b.shape = (3, 2)b.shape=(3,2)\n",
    "\n",
    "c = np.dot(a, b)\n",
    "\n",
    "c.shape"
   ]
  },
  {
   "cell_type": "code",
   "execution_count": 40,
   "id": "0f97fce6",
   "metadata": {},
   "outputs": [
    {
     "ename": "ValueError",
     "evalue": "cannot reshape array of size 8 into shape (3)",
     "output_type": "error",
     "traceback": [
      "\u001b[0;31m---------------------------------------------------------------------------\u001b[0m",
      "\u001b[0;31mValueError\u001b[0m                                Traceback (most recent call last)",
      "\u001b[0;32m/tmp/ipykernel_9735/1749472351.py\u001b[0m in \u001b[0;36m<module>\u001b[0;34m\u001b[0m\n\u001b[1;32m      1\u001b[0m \u001b[0ma\u001b[0m\u001b[0;34m=\u001b[0m\u001b[0mnp\u001b[0m\u001b[0;34m.\u001b[0m\u001b[0mrandom\u001b[0m\u001b[0;34m.\u001b[0m\u001b[0mrandn\u001b[0m\u001b[0;34m(\u001b[0m\u001b[0;36m8\u001b[0m\u001b[0;34m,\u001b[0m \u001b[0;36m1\u001b[0m\u001b[0;34m)\u001b[0m\u001b[0;34m\u001b[0m\u001b[0;34m\u001b[0m\u001b[0m\n\u001b[0;32m----> 2\u001b[0;31m \u001b[0ma\u001b[0m\u001b[0;34m.\u001b[0m\u001b[0mreshape\u001b[0m\u001b[0;34m(\u001b[0m\u001b[0;34m-\u001b[0m\u001b[0;36m1\u001b[0m\u001b[0;34m,\u001b[0m\u001b[0;36m3\u001b[0m\u001b[0;34m)\u001b[0m\u001b[0;34m\u001b[0m\u001b[0;34m\u001b[0m\u001b[0m\n\u001b[0m\u001b[1;32m      3\u001b[0m \u001b[0ma\u001b[0m\u001b[0;34m\u001b[0m\u001b[0;34m\u001b[0m\u001b[0m\n",
      "\u001b[0;31mValueError\u001b[0m: cannot reshape array of size 8 into shape (3)"
     ]
    }
   ],
   "source": [
    "a=np.random.randn(8, 1)\n",
    "a.reshape(-1,3)\n",
    "a"
   ]
  },
  {
   "cell_type": "code",
   "execution_count": 22,
   "id": "c46d788e",
   "metadata": {},
   "outputs": [
    {
     "data": {
      "text/plain": [
       "array([[ 0.41487231,  2.75737348,  0.76631915,  0.14729388],\n",
       "       [ 0.31505827, -1.10489742,  0.44459997, -0.60340227],\n",
       "       [ 1.82266726, -1.27821779,  0.82354821, -1.60371846]])"
      ]
     },
     "execution_count": 22,
     "metadata": {},
     "output_type": "execute_result"
    }
   ],
   "source": [
    "a = np.random.randn(3, 4)\n",
    "b = np.random.randn(4, 1)\n",
    "d = np.empty([3,4])\n",
    "for i in range(3):\n",
    "    for j in range(4):\n",
    "        d[i][j] = a[i][j] + b[j] \n",
    "        \n",
    "        \n",
    "d"
   ]
  },
  {
   "cell_type": "code",
   "execution_count": 23,
   "id": "ed1431bb",
   "metadata": {},
   "outputs": [
    {
     "data": {
      "text/plain": [
       "array([[ 0.41487231,  0.31505827,  1.82266726],\n",
       "       [ 2.75737348, -1.10489742, -1.27821779],\n",
       "       [ 0.76631915,  0.44459997,  0.82354821],\n",
       "       [ 0.14729388, -0.60340227, -1.60371846]])"
      ]
     },
     "execution_count": 23,
     "metadata": {},
     "output_type": "execute_result"
    }
   ],
   "source": [
    "d = np.transpose(a) + b\n",
    "d"
   ]
  },
  {
   "cell_type": "code",
   "execution_count": 24,
   "id": "747655e5",
   "metadata": {},
   "outputs": [
    {
     "data": {
      "text/plain": [
       "array([[ 0.41487231,  2.75737348,  0.76631915,  0.14729388],\n",
       "       [ 0.31505827, -1.10489742,  0.44459997, -0.60340227],\n",
       "       [ 1.82266726, -1.27821779,  0.82354821, -1.60371846]])"
      ]
     },
     "execution_count": 24,
     "metadata": {},
     "output_type": "execute_result"
    }
   ],
   "source": [
    "d = np.transpose(b) + a\n",
    "d"
   ]
  },
  {
   "cell_type": "code",
   "execution_count": 25,
   "id": "5364d397",
   "metadata": {},
   "outputs": [],
   "source": [
    "a=np.random.randn(3,3)\n",
    "\n",
    "b = np.random.randn(3, 1)\n",
    "\n",
    "c = a*b"
   ]
  },
  {
   "cell_type": "code",
   "execution_count": 26,
   "id": "9caf51f2",
   "metadata": {},
   "outputs": [
    {
     "data": {
      "text/plain": [
       "array([[ 0.03558307,  0.2808145 , -0.93488556],\n",
       "       [-0.0046934 , -0.07763821,  0.17109591],\n",
       "       [ 2.22703689,  0.42415937, -1.11798183]])"
      ]
     },
     "execution_count": 26,
     "metadata": {},
     "output_type": "execute_result"
    }
   ],
   "source": [
    "c"
   ]
  },
  {
   "cell_type": "code",
   "execution_count": 36,
   "id": "d870c6fa",
   "metadata": {},
   "outputs": [
    {
     "data": {
      "text/plain": [
       "(array([[ 0.50773803,  0.16314536, -0.44896694],\n",
       "        [ 1.26903358,  0.19884054, -0.84434375],\n",
       "        [ 0.47245587, -1.60921551,  1.19839131]]),\n",
       " array([[ 1.01639925],\n",
       "        [ 1.6292564 ],\n",
       "        [-0.93653129]]),\n",
       " array([[ 0.51606456,  0.16582082, -0.45632966],\n",
       "        [ 2.06758108,  0.32396222, -1.37565246],\n",
       "        [-0.44246971,  1.50708068, -1.12233097]]))"
      ]
     },
     "execution_count": 36,
     "metadata": {},
     "output_type": "execute_result"
    }
   ],
   "source": [
    "a=np.random.randn(3,3) # a.shape = (4, 3)a.shape=(4,3)\n",
    "\n",
    "b = np.random.randn(3, 1) # b.shape = (3, 2)b.shape=(3,2)\n",
    "\n",
    "c = a*b\n",
    "\n",
    "a, b, c"
   ]
  },
  {
   "cell_type": "code",
   "execution_count": 34,
   "id": "8a616000",
   "metadata": {},
   "outputs": [
    {
     "data": {
      "text/plain": [
       "(3, 3)"
      ]
     },
     "execution_count": 34,
     "metadata": {},
     "output_type": "execute_result"
    }
   ],
   "source": [
    "c.shape"
   ]
  },
  {
   "cell_type": "code",
   "execution_count": null,
   "id": "efec7fac",
   "metadata": {},
   "outputs": [],
   "source": []
  }
 ],
 "metadata": {
  "kernelspec": {
   "display_name": "Python 3 (ipykernel)",
   "language": "python",
   "name": "python3"
  },
  "language_info": {
   "codemirror_mode": {
    "name": "ipython",
    "version": 3
   },
   "file_extension": ".py",
   "mimetype": "text/x-python",
   "name": "python",
   "nbconvert_exporter": "python",
   "pygments_lexer": "ipython3",
   "version": "3.9.7"
  }
 },
 "nbformat": 4,
 "nbformat_minor": 5
}
